1100000000000
1100000000000
1001000000000
1001000000000
1100000000000
1100000000000
1000001000000
1000001000000
1000010000000
1000010000000
1000010000000
1000010000000
1100000000000
1100000000000
1001000000000
1001000000000
1100000000000
1100000000000
1000000010000
1000000010000
1000001000000
1000001000000
1000001000000
1000001000000
1100000000000
1100000000000
1100000000000
1100000000000
1000000000100
1000000000100
1000001000000
1000001000000
1000010000000
1000010000000
1001000000000
1001000000000
1000000000010
1000000000010
1000000000100
1000000000100
1000001000000
1000001000000
1000000010000
1000000010000
1000001000000
1000001000000
1000001000000
1000001000000
1000001000000
1000001000000
