100001000
100001000
100010000
100010000
100100000
100100000
100010000
100010000

100001000
100000000
100001000
100000000
100001000
100001000
100001000
100001000

100010000
100000000
100010000
100000000
100010000
100010000
100010000
100010000

100001000
100000000
100000010
100000000
100000010
100000010
100000010
100000010

100001000
100001000
100010000
100010000
100100000
100100000
100010000
100010000

100001000
100000000
100001000
100000000
100001000
100000000
100001000
100000000

100010000
100000000
100010000
100000000
100001000
100000000
100010000
100000000

100100000
100100000
100100000
100100000
100100000
100100000
100000000
100000000
