1100000000000
1100000000000
1000010010000
1000000010000
1000001000100
1000000000100
1000010010000
1000010010000
1001001000000
1000001000000
1100010000000
1000010000000
1001001000000
1001000010000
1100010000000
1100000000000
1000010010000
1000000010000
1000001000000
1000001000000
1000010010000
1000010000000
1001000010000
1001000010000
1000010000000
1000000010000
1000001000000
1000001000000
1000010010000
1000010000000
1001000010000
1001000010000
1100000000000
1100000000000
1000010010000
1000000010000
1000001000100
1000000000100
1000010010000
1000010010000
1001001000000
1000001000000
1100010000000
1000010000000
1001001000000
1001000010000
1100000000000
1100000000000
