100000000
100000000
100000000
100000100
100000001
100000100

100001010
100000000
100000000
100000000
100000000
100000000

100000000
100000000
100000000
100000100
100000001
100001000

100010100
100000000
100000000
100010000
100000100
100010000

100101000
100000000
100000000
100000000
100000000
100010000

100010101
100000000
100000010
100000000
100000000
100010000

100010101
100000000
100000010
100000000
100000100
100000000

100010001
100000000
100000000
100000000
100000000
100000000

100000000
100000000
100000000
100000100
100000010
100000100

100101010
100000000
100000000
100000000
100000000
100000000

100000000
100000000
100000000
100001000
100000010
100001000

100101010
100000000
100000000
100100000
100001000
100100000

101000001
100000000
100000000
101000000
100100000
101000000

100000000
100000000
110000000
100000000
101000000
100000000

100101010
100000000
100000000
100010000
100001000
100000000

100000000
100000000
100100000
100000000
100010000
100000000

100001010
100000000
100000000
100010000
100001000
100000000

100100101
100000000
100000000
100000000
100000000
100000000
